10111011
01010101
10101011
11000101
10111001
10011101
11001001
01101001
10111011
00110111
11011001
11001101
00100001
10110011
11001111
11001111
10011111
00001001
10110101
00111101
11101011
01111111
01010111
10100001
11101011
10000111
01100111
00100011
00010111
00100101
11010001
00011011
00001000
01100100
01100100
00110101
10010001
01100100
11100111
10100000
00000110
10101010
11011101
01110101
00010111
10011101
01101101
01011100
01011110
00011001
11111101
11101001
00001100
11111001
10110100
10000011
10000110
00100010
01000010
00011110
01010111
10100001
00101000
01100010
11111010
01111011
00011011
10111010
00011110
10110100
10110011
01011000
11000110
11110011
10001100
10010000
00111011
10111010
00011001
01101110
11001110
11011111
11110001
00100101
10001101
01000000
10000000
01110000
11100000
01001101
00011100